$ 1 5.0E-6 25.510281670702206 30 5.0 50
v 256 96 256 224 0 1 50.0 240.0 0.0 0.0 0.5
w 256 96 176 96 0
w 176 96 176 384 0
w 176 384 256 384 0
c 544 80 544 224 2 6.5E-4 235.35447748565912
c 544 224 544 368 2 6.5E-4 207.03580947165676
r 608 80 608 224 0 120.0
w 544 224 608 224 0
w 608 80 544 80 0
d 256 96 368 96 1 0.805904783
d 352 384 256 384 1 0.805904783
l 448 224 368 224 2 0.00235 2.0663151743593965E-17
w 464 384 352 384 0
w 464 96 368 96 0
w 544 384 544 368 0
w 544 80 464 96 0
w 464 384 544 384 0
w 256 224 368 224 0
w 448 224 544 224 0
w 544 384 608 384 0
r 608 224 608 384 0 120.0
o 0 32 0 35 320.0 51.2 0 -1
o 6 64 0 35 640.0 3.2 1 -1
o 20 64 0 35 640.0 3.2 2 -1
