$ 1 5.0E-6 43.84883893407173 30 5.0 50
v 96 48 96 176 0 1 50.0 310.0 0.0 1.3439035240356338 0.5
w 96 48 16 48 0
w 16 48 16 336 0
d 96 48 208 48 1 0.805904783
d 224 336 128 336 1 0.805904783
c 224 176 224 48 2 6.5E-4 -310.79394555757017
f 368 96 432 96 0 1.5
f 368 272 432 272 0 1.5
f 736 96 800 96 0 1.5
f 736 272 800 272 0 1.5
d 432 112 432 80 1 0.805904783
d 432 288 432 256 1 0.805904783
d 800 288 800 256 1 0.805904783
d 800 112 800 80 1 0.805904783
l 592 112 592 176 2 0.65 -1.397346219837447
l 656 176 592 176 2 0.65 0.988652784205417
w 128 336 16 336 0
c 224 176 224 336 2 6.5E-4 297.07381624462823
l 96 176 224 176 2 0.005 3.5660661610616957
w 224 176 592 176 0
w 800 336 800 288 0
w 432 288 432 336 0
w 432 80 432 48 0
w 800 80 800 48 0
w 208 48 224 48 0
w 224 48 432 48 0
w 432 48 800 48 0
w 800 112 800 176 0
w 800 256 800 176 0
w 224 336 432 336 0
w 432 336 800 336 0
w 432 256 432 112 0
R 368 96 320 96 0 2 50.0 1000.0 0.0 0.0 0.5
R 368 272 336 272 0 2 50.0 1000.0 0.0 3.141592653589793 0.5
R 736 272 688 272 0 2 50.0 1000.0 0.0 4.71238898038469 0.5
R 736 96 672 96 0 2 50.0 1000.0 0.0 1.5707963267948966 0.5
w 720 400 848 400 0
w 784 384 800 448 0
w 96 400 224 400 0
r 432 112 592 112 0 50.0
r 656 176 800 176 0 50.0
w 32 384 160 384 0
o 5 64 0 35 640.0 12.8 0 -1
o 17 64 0 35 640.0 12.8 1 -1
o 15 64 0 35 1280.0 6.4 2 -1
o 14 64 0 35 1280.0 6.4 3 -1
o 18 64 0 35 80.0 6.4 4 -1
o 0 16 0 35 320.0 6.4 5 -1
