$ 1 5.0E-6 28.90693621245522 30 5.0 50
v 96 48 96 176 0 1 50.0 240.0 0.0 0.9599310885968813 0.5
w 96 48 16 48 0
w 16 48 16 336 0
d 96 48 208 48 1 0.805904783
d 224 336 128 336 1 0.805904783
c 224 176 224 48 2 6.5E-4 -246.50663334828405
f 368 96 432 96 0 1.5
f 368 272 432 272 0 1.5
f 736 96 800 96 0 1.5
f 736 272 800 272 0 1.5
d 432 112 432 80 1 0.805904783
d 432 288 432 256 1 0.805904783
d 800 288 800 256 1 0.805904783
d 800 112 800 80 1 0.805904783
l 592 112 592 176 2 0.6 0.12633263992687938
l 656 176 592 176 2 0.6 -2.9963884170243382
w 128 336 16 336 0
c 224 176 224 336 2 6.5E-4 289.5117539237383
l 48 224 176 224 2 0.0022 0.0
w 224 176 592 176 0
w 800 336 800 288 0
w 432 288 432 336 0
w 432 80 432 48 0
w 800 80 800 48 0
w 208 48 224 48 0
w 224 48 432 48 0
w 432 48 800 48 0
w 656 176 800 176 0
w 800 112 800 176 0
w 800 256 800 176 0
w 592 112 432 112 0
w 224 336 432 336 0
w 432 336 800 336 0
w 432 256 432 112 0
R 368 96 320 96 0 2 50.0 1000.0 0.0 0.0 0.5
R 368 272 336 272 0 2 50.0 1000.0 0.0 3.141592653589793 0.5
R 736 272 688 272 0 2 50.0 1000.0 0.0 4.71238898038469 0.5
R 736 96 672 96 0 2 50.0 1000.0 0.0 1.5707963267948966 0.5
w 720 400 848 400 0
w 784 384 800 448 0
w 96 176 224 176 0
o 0 64 0 35 320.0 9.765625E-5 0 -1
o 5 64 0 35 320.0 25.6 1 -1
o 17 64 0 35 640.0 25.6 2 -1
o 14 64 0 35 640.0 6.4 3 -1
o 15 64 0 35 320.0 6.4 4 -1
