$ 1 5.0E-6 11.558428452718767 39 5.0 50
f 128 336 192 336 0 1.5
l 512 240 432 240 2 1.0 0.6061649160437906
f 112 176 192 176 1 1.5
w 192 128 192 160 0
R 128 336 48 336 0 2 50.0 250.0 0.0 0.0 0.5
R 112 176 48 176 0 2 50.0 450.0 0.0 0.0 0.5
w 432 240 192 240 0
w 192 192 192 240 0
w 192 240 192 320 0
c 640 128 640 240 0 6.5E-4 232.09753977851543
c 640 240 640 352 0 6.5E-4 224.19391654973174
r 720 128 640 128 0 100.0
r 720 352 640 352 0 100.0
w 640 240 512 240 0
v 720 352 720 128 0 0 40.0 480.0 0.0 0.0 0.5
d 192 192 192 160 1 0.805904783
d 192 352 192 320 1 0.805904783
f 352 288 400 288 0 1.5
f 352 176 400 176 1 1.5
w 192 128 400 128 0
w 400 160 400 128 0
w 400 128 640 128 0
w 192 352 400 352 0
w 400 352 640 352 0
w 400 352 400 304 0
l 512 240 512 192 2 1.0 -0.5453526103002334
w 512 192 400 192 0
w 400 192 400 272 0
d 400 304 400 272 1 0.805904783
d 400 192 400 160 1 0.805904783
R 352 176 304 176 0 2 50.0 450.0 0.0 1.5707963267948966 0.5
R 352 288 304 288 0 2 50.0 450.0 0.0 1.5707963267948966 0.5
o 25 64 0 35 320.0 1.6 0 -1
o 1 64 0 35 320.0 1.6 1 -1
