$ 1 5.0E-6 2.008553692318767 39 5.0 50
f 208 336 272 336 0 1.5
l 592 240 512 240 2 1.0 -0.6892175432917593
f 192 176 272 176 1 1.5
w 272 128 272 160 0
R 208 336 128 336 0 2 50.0 250.0 0.0 0.0 0.5
R 192 176 128 176 0 2 50.0 450.0 0.0 0.0 0.5
w 512 240 272 240 0
w 272 192 272 240 0
w 272 240 272 320 0
c 720 128 720 240 0 6.5E-4 224.7736986959245
c 720 240 720 352 0 6.5E-4 228.29482698786347
r 720 128 640 128 0 100.0
r 720 352 640 352 0 100.0
w 720 240 592 240 0
v 800 352 800 128 0 0 40.0 480.0 0.0 0.0 0.5
d 272 192 272 160 1 0.805904783
d 272 352 272 320 1 0.805904783
w 272 128 480 128 0
w 272 352 480 352 0
w 640 128 480 128 0
w 640 352 480 352 0
r 800 128 720 128 0 100.0
r 800 352 720 352 0 100.0
o 1 64 0 35 640.0 1.6 0 -1
