$ 1 5.0E-6 43.84883893407173 39 5.0 50
f 80 336 144 336 0 1.5
l 464 240 384 240 2 1.0 -0.1907092328158525
f 64 176 144 176 1 1.5
w 144 128 144 160 0
R 80 336 0 336 0 2 50.0 250.0 0.0 0.0 0.5
R 64 176 0 176 0 2 50.0 450.0 0.0 0.0 0.5
w 384 240 144 240 0
w 144 192 144 240 0
w 144 240 144 320 0
c 592 128 592 240 0 6.5E-4 209.40109645353613
c 592 240 592 352 0 6.5E-4 212.9905194676723
r 672 128 592 128 0 100.0
r 672 352 592 352 0 100.0
v 672 352 672 128 0 0 40.0 480.0 0.0 0.0 0.5
d 144 192 144 160 1 0.805904783
d 144 352 144 320 1 0.805904783
f 304 288 352 288 0 1.5
f 304 176 352 176 1 1.5
w 144 128 352 128 0
w 352 160 352 128 0
w 144 352 352 352 0
w 352 352 352 304 0
l 480 224 480 176 2 1.0 -0.3081278131544425
w 352 192 352 272 0
d 352 304 352 272 1 0.805904783
d 352 192 352 160 1 0.805904783
R 304 176 256 176 0 2 40.0 450.0 0.0 1.5707963267948966 0.5
R 304 288 256 288 0 2 40.0 450.0 0.0 1.5707963267948966 0.5
c 528 128 528 224 0 6.5E-4 190.35513221066395
c 528 224 528 352 0 6.5E-4 195.89414245713743
w 352 192 384 192 0
w 384 192 384 176 0
w 480 224 528 224 0
w 464 240 592 240 0
w 480 176 384 176 0
w 528 128 352 128 0
w 528 352 352 352 0
r 592 352 528 352 0 100.0
r 592 128 528 128 0 100.0
o 1 64 0 35 320.0 1.6 0 -1
o 22 64 0 35 320.0 1.6 1 -1
