$ 1 5.0E-6 69.34413510434166 37 5.0 50
v 96 32 96 160 0 1 50.0 311.0 0.0 0.9599310885968813 0.5
w 96 32 16 32 0
w 16 32 16 320 0
d 96 32 208 32 1 0.805904783
d 224 320 128 320 1 0.805904783
c 224 160 224 32 2 6.5E-4 -122.66047473004322
f 528 368 592 368 0 1.5
f 752 352 816 352 0 1.5
f 672 384 736 384 0 1.5
d 800 416 800 384 1 0.805904783
d 800 368 800 336 1 0.805904783
l 448 384 448 448 2 0.6 0.0
l 592 464 528 464 2 0.6 0.0
w 128 320 16 320 0
c 224 160 224 320 2 6.5E-4 109.91461734951038
l 96 160 224 160 2 0.25 -2.359254304291957
w 800 320 800 272 0
w 800 64 800 32 0
w 208 32 224 32 0
w 656 160 800 160 0
w 800 96 800 160 0
w 800 240 800 160 0
w 432 320 800 320 0
R 432 368 384 368 0 2 50.0 1000.0 0.0 0.0 0.5
R 368 400 336 400 0 2 50.0 1000.0 0.0 3.141592653589793 0.5
R 768 400 720 400 0 2 50.0 1000.0 0.0 4.71238898038469 0.5
R 752 400 688 400 0 2 50.0 1000.0 0.0 1.5707963267948966 0.5
w 720 384 848 384 0
w 784 368 800 432 0
w 48 368 176 368 0
r 688 352 688 416 0 180.0
r 688 384 752 384 0 180.0
r 416 160 416 320 0 120.0
r 416 160 416 32 0 120.0
w 416 320 224 320 0
w 224 160 416 160 0
w 416 32 224 32 0
w 96 400 224 400 0
o 0 32 0 35 320.0 12.8 0 -1
o 14 64 0 35 160.0 12.8 1 -1
o 32 64 0 35 160.0 1.6 2 -1
o 33 64 0 35 160.0 1.6 3 -1
